// Perturbation Test 2A

[
    [1.0,1.0,1.0,1.0,1.0,1.0, 0.25,0.0,0.0,0.0,0.0,0.0],
    [1.0,1.0,1.0,1.0,1.0,1.0, 0.0,0.0,0.0,0.0,0.0,0.0],
    [1.0,1.0,1.0,1.0,1.0,1.0, 0.0,0.0,0.0,0.0,0.0,0.0],
    [1.0,1.0,1.0,1.0,1.0,1.0, 0.0,0.0,0.0,0.0,0.0,0.0],
    [1.0,1.0,1.0,1.0,1.0,1.0, 0.0,0.0,0.0,0.0,0.0,0.0],
    [1.0,1.0,1.0,1.0,1.0,1.0, 0.0,0.0,0.0,0.0,0.0,0.0],

    [0.25,0.0,0.0,0.0,0.0,0.0, 1.0,1.0,1.0,1.0,1.0,1.0],
    [0.0,0.0,0.0,0.0,0.0,0.0, 1.0,1.0,1.0,1.0,1.0,1.0],
    [0.0,0.0,0.0,0.0,0.0,0.0, 1.0,1.0,1.0,1.0,1.0,1.0],
    [0.0,0.0,0.0,0.0,0.0,0.0, 1.0,1.0,1.0,1.0,1.0,1.0],
    [0.0,0.0,0.0,0.0,0.0,0.0, 1.0,1.0,1.0,1.0,1.0,1.0],
    [0.0,0.0,0.0,0.0,0.0,0.0, 1.0,1.0,1.0,1.0,1.0,1.0]
]

